左:
mtx: 
[
	[7.02986794e+03 0.00000000e+00 1.78395672e+03]
 	[0.00000000e+00 4.74704605e+03 1.35898926e+03]
 	[0.00000000e+00 0.00000000e+00 1.00000000e+00]]

rvecs: (array([
	[ 0.71629351],
      	[ 2.48634798],
      	[-1.27554413]
]),)

tvecs: (array([
	[ 15.63865762],
       	[ 37.29109672],
       	[605.79281112]
]),)

右:
  mtx: [
	[8.14650085e+03 0.00000000e+00 1.80581376e+03]
 	[0.00000000e+00 9.28328921e+03 1.32791704e+03]
 	[0.00000000e+00 0.00000000e+00 1.00000000e+00]
]

rvecs: (array([
	[ 0.23582492],
       	[ 2.47917491],
       	[-1.72920884]
]),)

tvecs: (array([
	[ 13.54567766],
       	[ 24.33634192],
       	[702.39136785]
]),)

进程已结束，退出代码为 0
