60  # ID, X, Y, Z, control(1)_or_check(2)
0  132.50000000000000  0.00000000000000  0.00000000000000  1
1  114.00000000000000  0.00000000000000  0.00000000000000  2
2  95.50000000000000  0.00000000000000  0.00000000000000  1
3  77.00000000000000  0.00000000000000  0.00000000000000  2
4  121.04477250945237  53.89260661848662  0.00000000000000  2
5  104.14418163077400  46.36797852458400  0.00000000000000  1
6  87.24359075209564  38.84335043068259  0.00000000000000  2
7  70.34299987341728  31.31872233678117  0.00000000000000  1
8  88.65980304702067  98.46669144265793  0.00000000000000  1
9  76.28088714988920  84.71851188273961  0.00000000000000  2
10  63.90197125275775  70.97033232282128  0.00000000000000  1
11  51.52305535562629  57.22215276290294  0.00000000000000  2
12  40.94474734804827  126.01498984090900  0.00000000000000  2
13  35.22793356737760  108.42044408953680  0.00000000000000  1
14  29.51111978670693  90.82589833816461  0.00000000000000  2
15  23.79430600603506  73.23135258679241  0.00000000000000  1
16  -13.85002752699766  131.77415049053209  0.00000000000000  1
17  -11.91625009869960  113.37549551638200  0.00000000000000  2
18  -9.98247267040154  94.97684054223312  0.00000000000000  1
19  -8.04869524210468  76.57818556808301  0.00000000000000  2
20  -66.25000668774719  114.74836214026496  0.00000000000000  2
21  -57.00000575398681  98.72689270935959  0.00000000000000  1
22  -47.75000482022522  82.70542327845544  0.00000000000000  2
23  -38.50000388646483  66.68395384755009  0.00000000000000  1
24  -107.19475720157699  77.88153843174244  0.00000000000000  1
25  -92.22794204513040  67.00751231108400  0.00000000000000  2
26  -77.26112688868380  56.13348619042558  0.00000000000000  1
27  -62.29431173223720  45.25946006976714  0.00000000000000  2
28  -129.60455934502116  27.54828845832150  0.00000000000000  2
29  -111.50882841760320  23.70192365470680  0.00000000000000  1
30  -93.41309749018527  19.85555885109210  0.00000000000000  2
31  -75.31736656276733  16.00919404747740  0.00000000000000  1
32  -129.60455452832332  -27.54831111910268  0.00000000000000  1
33  -111.50882427342479  -23.70194315153040  0.00000000000000  2
34  -93.41309401852749  -19.85557518395692  0.00000000000000  1
35  -75.31736376362898  -16.00920721638463  0.00000000000000  2
36  -107.19474358433398  -77.88155717426854  0.00000000000000  2
37  -92.22793032916320  -67.00752843672839  0.00000000000000  1
38  -77.26111707399242  -56.13349969918946  0.00000000000000  2
39  -62.29430381882045  -45.25947096165051  0.00000000000000  1
40  -66.24998662450443  -114.74837372378235  0.00000000000000  1
41  -56.99998849202640  -98.72690267555639  0.00000000000000  2
42  -47.74999035954837  -82.70543162733047  0.00000000000000  1
43  -38.49999222707034  -66.68396057910451  0.00000000000000  2
44  -13.85000448687259  -131.77415291214547  0.00000000000000  2
45  -11.91623027549760  -113.37549759988438  0.00000000000000  1
46  -9.98245606412261  -94.97684228762215  0.00000000000000  2
47  -8.04868185274882  -76.57818697535988  0.00000000000000  1
48  40.94476938120948  -126.01498268190028  0.00000000000000  1
49  35.22795252420960  -108.42043793008800  0.00000000000000  2
50  29.51113566721093  -90.82589317827573  0.00000000000000  1
51  23.79431881021224  -73.23134842646226  0.00000000000000  2
52  88.65982026348286  -98.46667594088308  0.00000000000000  2
53  76.28090196254399  -84.71849854536360  0.00000000000000  1
54  63.90198366160396  -70.97032114984414  0.00000000000000  2
55  51.52306536066512  -57.22214375432466  0.00000000000000  1
56  121.04478193233321  -53.89258545434473  0.00000000000000  1
57  104.14418973800760  -46.36796031543599  0.00000000000000  2
58  87.24359754368200  -38.84333517652728  0.00000000000000  1
59  70.34300534935637  -31.31871003761855  0.00000000000000  2
